848
849
846
847
850
852
851
853
1265
1262
1264
1263
1222
1224
1223
1225
160
162
161
159
894
897
896
895
690
693
692
691
1871
1873
1872
1874
1221
1219
1218
1220
1104
1102
1105
1103
838
841
839
840
428
425
427
426
1271
1270
1273
1272
359
358
357
360
879
881
878
880
1246
1247
1248
1249
493
494
495
496
1816
1817
1818
1815
876
874
877
875
1255
1257
1256
1254
2029
2030
2027
2028
500
497
498
499
178
175
176
177
1946
1944
1945
1943
1567
1565
1568
1566
523
521
522
524
688
686
687
689
1992
1993
1991
1994
756
755
757
754
650
647
648
649
699
700
698
1880
1879
1881
1882
313
312
311
310
611
612
614
613
1837
1836
1835
1838
1575
1576
1574
1573
181
179
180
182
215
217
216
218
1902
1899
1900
1901
1520
1519
1518
1517
1279
1281
1280
1278
2023
2024
2025
2026
303
305
304
302
1756
1757
1758
1755
1411
1413
1410
1412
2045
146
145
144
898
899
901
900
944
942
945
943
638
636
635
637
774
776
775
777
345
346
347
348
10
9
12
11
1450
1452
1449
1451
815
817
814
816
586
585
587
588
1920
1921
1922
1919
1005
1002
1004
1003
1695
1697
1698
1696
984
982
983
985
1021
1018
1019
1020
518
520
519
517
157
155
23700
23702
931
933
932
930
907
909
906
908
1932
1934
1931
1933
238
235
236
237
710
713
712
711
1809
1810
1807
1808
396
395
393
394
1804
1805
1803
1806
384
383
382
381
1319
1318
1321
4696
1320
1782
1779
1780
1781
1892
1891
1893
1894
171
174
173
172
935
936
934
937
1847
1849
1850
1848
792
790
791
1589
1590
1591
10849
1386
1387
1389
8050
1897
1895
1898
1896
549
552
550
551
1352
1351
1353
1350
299
300
298
301
196
198
195
197
1909
1910
1908
1907
1940
1942
1939
1941
275
277
276
278
462
461
464
463
928
929
926
927
1274
1276
1277
1275
314
316
317
315
1535
1534
1536
1533
1210
1212
1213
1211
1057
1056
1055
1054
646
644
645
643
1030
1033
1032
1031
1429
1430
1432
1431
1374
1376
1377
1375
1366
1367
1368
1369
17347
1361
1359
1360
115
114
116
113
1689
1687
1688
1690
988
989
987
986
950
951
953
952
1736
1735
1737
1738
139
137
136
138
273
274
271
272
1384
1382
1385
1383
430
431
12975
429
361
364
362
363
1039
1041
1040
1038
90
89
91
92
1308
1306
1307
1309
249
248
250
247
707
706
709
708
1433
1435
1434
1436
112
111
110
109
127
126
124
125
749
748
746
9188
1328
1329
1326
1327
1334
1336
1337
1335
1344
1345
1342
1343
367
368
366
365
186
185
184
183
1671
1672
1674
1673
1521
1523
1522
1524
1865
1864
1863
1866
337
340
339
338
1559
1560
1558
1557
515
514
513
516
1539
1538
1537
1540
828
829
827
826
1853
1852
1851
335
333
336
334
1583
1584
1582
1581
778
781
779
780
1677
1675
1676
1678
1470
1469
1472
1471
912
911
910
913
1454
1455
1456
1453
1928
1927
1929
1930
1859
1862
1861
1860
251
253
254
252
2353
2352
1637
1636
1640
1638
1639
7596
1635
1634
1643
1641
1642
1644
1498
1499
1500
1497
559
560
557
558
1347
1349
1348
1346
108
105
106
107
1665
1664
1666
1663
1502
1504
1501
1503
1616
1614
1615
1613
52
50
51
49
22
21
24
23
1684
1685
1683
1686
978
979
980
981
1598
1600
1597
1599
468
465
467
466
1072
1070
1071
1073
64
63
62
61
1323
1324
1325
1322
1251
1253
1250
1252
883
882
885
884
1235
1234
1237
1236
543
541
542
17161
1286
1287
1289
1288
488
487
485
486
2046
283
285
284
1719
1721
1720
1722
1036
1034
1037
1035
1700
1701
1699
1702
1983
1986
1985
1984
1976
1975
1978
1977
604
606
603
605
795
796
797
794
1754
1751
1752
7815
1417
1414
1416
1415
60
58
57
59
1714
1713
1711
1712
965
964
963
962
1421
1419
1418
1420
1494
1493
1496
1495
1109
1108
1107
1106
677
674
676
675
714
717
715
716
1048
1047
1046
1049
837
836
835
834
1230
1231
1232
1233
1089
1086
1088
1087
436
434
433
435
2018
2017
2015
2016
1096
1094
1097
1095
151
154
152
153
915
914
917
916
1140
1139
1141
1138
1295
1296
1294
1297
1303
1304
1302
1305
309
307
308
306
607
608
609
610
326
325
327
328
1199
1200
1198
1201
1490
1492
1491
1489
1542
1543
1541
1544
1883
1884
1886
1885
1791
1794
1793
1792
412
411
410
409
397
400
399
398
289
288
286
287
212
214
213
211
1926
1925
1924
1923
1311
1310
1313
1312
845
844
843
842
1228
1227
1229
1226
1979
1981
1980
1982
590
589
665
664
663
1938
1935
1937
10847
15999
16000
210
15998
1950
1949
1948
1947
24263
24265
24264
262
260
259
261
282
280
279
281
11334
641
642
639
1669
1668
1670
1667
1473
1476
1474
1475
1457
1460
1458
1459
135
132
134
133
474
476
473
475
575
576
574
573
1398
1400
1399
1401
1241
1239
1238
1240
1654
1653
1652
21768
1531
1532
1529
1530
667
668
669
666
470
2424
469
472
413
414
16061
959
961
958
960
545
546
547
548
1293
1291
1290
1292
295
297
294
296
320
318
319
32
31
30
29
46
47
45
48
918
919
921
920
697
696
694
695
1620
1619
1617
1618
87
86
85
88
1155
1154
1157
1156
1609
1611
1612
1610
28
26
25
27
584
583
581
582
783
785
782
784
67
68
66
65
1601
1604
1603
1602
56
55
53
54
1608
1606
1607
1605
1356
1354
1357
1355
448
446
445
447
1819
1820
1822
1821
12200
742
745
743
741
739
740
738
1846
1845
1843
1844
771
770
17406
772
1812
1811
1813
1814
191
194
192
193
598
597
595
596
266
265
264
263
966
969
968
967
1955
1958
1957
1956
601
17346
602
599
201
200
199
202
1917
1915
1918
1916
458
460
4691
457
459
1043
1045
1042
1044
1059
1061
1058
1060
10919
1063
1062
1065
1767
1769
1770
1768
1444
1443
1441
1442
1422
2051
1424
1423
330
331
329
332
1099
1101
1100
1098
940
941
939
938
1466
1465
1468
1467
946
949
947
948
659
662
661
660
1526
1528
1525
1527
501
502
503
504
1788
1787
1790
1789
392
389
391
390
1202
1204
1205
1203
1887
1889
1888
1890
1464
1462
1463
1461
732
733
730
731
1830
1828
1827
1829
1515
1516
1514
1513
343
344
342
341
820
819
818
821
244
245
246
243
1727
13542
1728
1730
1511
1512
1509
10746
1731
1733
1734
1732
1998
1996
1995
1997
1135
1136
1134
1137
1760
1761
1759
1762
1447
1446
1445
1448
1259
1261
1258
1260
143
142
141
140
1426
1425
1427
1428
324
321
322
323
763
762
765
764
1115
1114
1117
683
682
685
10745
2012
2014
2013
2011
1127
1129
1126
1128
1182
1185
1183
1184
257
256
255
258
822
823
825
824
1963
1966
1965
1964
456
454
453
455
3
4
1
2
832
830
833
831
1486
1487
1488
1485
6
7
5
18941
1625
1627
1626
1628
1301
1299
1300
1298
119
117
118
4690
1379
1381
1378
1380
1339
1340
1338
1341
811
813
7928
810
760
759
758
761
578
580
577
579
2009
2010
2007
2008
1120
1119
1118
1121
4187
4181
1650
1648
4180
1647
1480
1477
1478
1479
163
7923
164
166
1999
2002
2001
2000
1091
1093
1092
1090
1125
1124
1123
1122
2006
2003
2004
2005
1084
1085
1083
1082
1081
1078
1080
1079
480
477
478
479
2020
2021
2022
2019
1075
1074
1076
1077
1724
1725
1723
1726
554
556
553
555
1775
1777
1778
1776
1682
1681
1679
1680
1554
1555
1556
1553
451
449
452
450
104
101
103
102
1832
1833
1834
1831
443
441
442
444
1824
1826
1825
1823
750
752
753
751
769
766
767
768
734
736
737
735
1130
1132
1131
1133
1990
1988
1987
1989
615
616
617
618
957
955
954
956
293
290
291
292
1570
1569
1571
1572
352
349
350
351
2112
1561
1562
1564
1585
1586
1588
1587
417
420
418
419
619
622
621
620
1959
1960
1962
1961
630
627
628
629
232
234
233
231
1179
1181
1178
1180
12977
535
534
536
1951
1954
1953
1952
1393
1391
1392
1390
789
787
786
788
1595
1593
1596
1594
98
97
100
99
1970
1967
1968
1969
626
623
624
625
1508
1505
1506
1507
1331
1330
1333
1332
1113
1110
1112
1111
572
571
570
569
1742
1740
1739
1741
511
512
510
509
566
565
567
568
1661
1662
1659
1660
1546
1545
1547
1548
492
490
489
491
1069
1067
1068
1066
725
722
724
723
1409
1408
1406
1407
1856
1857
1858
10851
1875
1877
1878
1876
84
83
82
81
1623
1621
1622
1624
20
19
17
18
35
34
33
36
73
74
75
76
43
42
41
44
865
862
864
863
891
893
890
892
150
148
149
147
704
702
703
705
869
867
868
866
1194
1196
1195
1197
1190
1192
1193
1191
1173
1170
1171
1172
527
528
526
525
1144
1143
1142
1145
1022
1024
1023
1025
1009
1006
1007
1008
1646
1645
2040
2039
1550
1551
1552
1549
1842
1841
1839
1840
798
799
801
800
806
808
809
807
189
190
188
187
1914
1913
1911
1912
1317
1316
1315
1314
1800
1801
1799
1802
403
404
402
401
437
439
438
440
423
421
424
422
1209
1206
1208
1783
1786
1785
1784
355
356
354
387
386
388
385
374
373
376
375
1268
1269
1267
1266
539
540
537
538
1747
1748
1749
1750
70
71
69
72
905
902
903
904
2346
128
130
131
1363
1364
1365
1362
1242
1245
1243
1244
123
122
120
121
1373
1370
1371
1372
268
267
269
270
10238
888
889
886
1147
1149
1146
1148
482
481
484
483
1015
1014
1016
1017
505
508
507
506
561
563
562
564
1774
1772
1773
1771
1403
1402
1404
1405
1691
1692
1694
1693
977
976
975
974
1284
1285
1283
1282
1715
1716
10850
1718
1013
1012
1010
1011
858
859
860
861
1189
1187
1186
1188
634
631
632
633
1657
1658
1655
1656
1439
1440
1438
1437
1150
1152
1151
1153
205
204
203
206
1868
1870
1869
7929
1798
1797
1795
1796
408
407
406
405
380
379
378
377
371
369
370
372
803
805
804
802
1708
1707
1709
1710
999
1001
998
1000
224
223
226
225
1704
1703
1705
1706
972
970
971
973
1026
1027
1028
1029
995
994
996
997
1159
1161
1158
1160
1745
1746
1743
1744
719
721
718
720
670
673
671
672
1051
1050
1053
1052
1580
1579
1577
1578
229
227
228
230
727
729
728
726
530
529
531
532
873
872
870
871
1175
1176
1174
1177
167
169
170
168
1763
1765
1764
1766
1394
4697
1397
1395
1396
922
924
923
925
652
653
654
24674
657
656
655
658
80
79
77
78
1630
1629
1632
1631
16
14
13
15
40
39
37
38
992
990
993
991
1482
1483
1481
1484
241
240
242
239
679
678
681
680
854
857
856
855
1215
1217
1216
1214
1168
1166
1167
1169
220
222
219
221
1904
14317
1905
1906
1972
1974
1973
1971
594
591
593
592
1163
1165
1162
1164
